Fiber  Good B  B Offset     B Offset   Good R   R Offset     R Offset
       Fiber?  from fib     from fib   Fiber?   from fib     from fib
               1 bin=1      2 bin=2             1 bin=1      1 bin=2
                                                
1       1       0.00         0.00       1        0.00         0.00
2       1       8.80         4.40       1        8.80         4.40
3       1       17.60        8.80       1        17.60        8.80
4       1       26.40        13.20      1        26.40        13.20
5       1       35.20        17.60      1        35.20        17.60
6       1       44.00        22.00      1        44.00        22.00
7       1       52.80        26.40      1        52.80        26.40
8       1       61.60        30.80      1        61.60        30.80
9       1       70.40        35.20      1        70.40        35.20
10      1       79.20        39.60      1        79.20        39.60
11      1       88.00        44.00      1        88.00        44.00
12      1       96.80        48.40      1        96.80        48.40
13      1       105.60       52.80      1        105.60       52.80
14      1       114.50       57.25      1        114.50       57.25
15      1       123.40       61.70      1        123.40       61.70
16      1       132.30       66.15      1        132.30       66.15
17      1       141.10       70.55      1        141.10       70.55
18      1       150.10       75.05      1        149.90       74.95
19      1       158.90       79.45      1        158.70       79.35
20      1       167.70       83.85      1        167.50       83.75
21      1       176.50       88.25      1        176.30       88.15
22      1       185.20       92.60      1        185.10       92.55
23      1       194.10       97.05      1        193.90       96.95
24      1       202.90       101.45     1        202.70       101.35
25      1       211.70       105.85     1        211.50       105.75
26      1       220.50       110.25     1        220.30       110.15
27      1       229.30       114.65     1        229.10       114.55
28      1       239.90       119.95     1        239.70       119.85
29      1       248.90       124.45     1        248.70       124.35
30      1       257.90       128.95     1        257.50       128.75
31      1       266.60       133.30     1        266.20       133.10
32      1       275.40       137.70     1        275.00       137.50
33      1       284.00       142.00     1        283.60       141.80
34      1       293.00       146.50     1        292.60       146.30
35      1       302.00       151.00     1        301.60       150.80
36      1       310.60       155.30     1        310.20       155.10
37      1       319.20       159.60     1        318.80       159.40
38      1       328.30       164.15     1        327.90       163.95
39      1       337.10       168.55     1        336.60       168.30
40      1       346.00       173.00     1        345.40       172.70
41      1       354.80       177.40     1        354.20       177.10
42      1       363.70       181.85     1        363.10       181.55
43      1       372.50       186.25     1        371.90       185.95
44      1       381.20       190.60     1        380.50       190.25
45      1       389.90       194.95     1        389.20       194.60
46      1       398.70       199.35     1        398.00       199.00
47      1       407.50       203.75     1        406.80       203.40
48      1       416.20       208.10     1        415.50       207.75
49      1       424.90       212.45     1        424.20       212.10
50      1       433.60       216.80     1        433.10       216.55
51      1       442.30       221.15     1        442.00       221.00
52      1       451.00       225.50     1        450.90       225.45
53      1       460.00       230.00     1        459.80       229.90
54      1       469.20       234.60     1        468.90       234.45
55      1       489.00       244.50     1        488.00       244.00
56      1       498.70       249.35     1        496.70       248.35
57      1       507.60       253.80     1        505.40       252.70
58      1       516.60       258.30     1        514.40       257.20
59      1       525.40       262.70     1        523.20       261.60
60      1       534.50       267.25     1        532.30       266.15
61      1       543.20       271.60     1        541.00       270.50
62      1       552.00       276.00     1        549.80       274.90
63      1       560.80       280.40     1        558.60       279.30
64      1       569.70       284.85     1        567.50       283.75
65      1       578.60       289.30     1        576.50       288.25
66      1       587.50       293.75     1        585.50       292.75
67      1       596.40       298.20     1        594.50       297.25
68      1       605.30       302.65     1        603.50       301.75
69      1       614.20       307.10     1        612.50       306.25
70      1       623.20       311.60     1        621.40       310.70
71      1       632.00       316.00     1        630.30       315.15
72      1       641.00       320.50     1        639.20       319.60
73      1       649.90       324.95     1        648.10       324.05
74      1       658.80       329.40     1        656.70       328.35
75      1       667.70       333.85     1        665.60       332.80
76      1       676.60       338.30     1        674.30       337.15
77      1       685.50       342.75     1        683.20       341.60
78      1       694.40       347.20     1        692.10       346.05
79      1       703.20       351.60     1        700.90       350.45
80      1       712.20       356.10     1        709.90       354.95
81      1       721.10       360.55     1        718.80       359.40
82      1       731.90       365.95     1        729.60       364.80
83      1       740.80       370.40     1        738.50       369.25
84      1       749.70       374.85     1        747.40       373.70
85      1       758.70       379.35     1        756.40       378.20
86      1       767.70       383.85     1        765.40       382.70
87      1       776.70       388.35     1        774.40       387.20
88      1       785.50       392.75     1        783.20       391.60
89      1       794.20       397.10     1        791.90       395.95
90      1       803.20       401.60     1        800.90       400.45
91      1       812.10       406.05     1        809.80       404.90
92      1       821.00       410.50     1        818.70       409.35
93      1       829.80       414.90     1        827.50       413.75
94      1       838.70       419.35     1        836.40       418.20
95      1       847.60       423.80     1        845.30       422.65
96      1       856.50       428.25     1        854.20       427.10
97      1       865.40       432.70     1        863.10       431.55
98      1       874.30       437.15     1        872.30       436.15
99      1       883.30       441.65     1        881.10       440.55
100     1       892.30       446.15     1        889.90       444.95
101     1       901.10       450.55     1        898.80       449.40
102     1       910.10       455.05     1        907.80       453.90
103     1       919.00       459.50     1        916.70       458.35
104     1       927.90       463.95     1        925.60       462.80
105     1       936.80       468.40     1        934.50       467.25
106     1       945.30       472.65     1        943.00       471.50
107     1       954.20       477.10     1        951.90       475.95
108     1       963.40       481.70     1        961.10       480.55
109     1       982.20       491.10     1        982.00       491.00
110     1       991.10       495.55     1        990.70       495.35
111     1       1000.00      500.00     1        999.60       499.80
112     1       1008.90      504.45     1        1008.50      504.25
113     1       1017.90      508.95     1        1017.10      508.55
114     1       1026.90      513.45     1        1026.10      513.05
115     1       1035.90      517.95     1        1035.00      517.50
116     1       1044.90      522.45     1        1043.90      521.95
117     1       1053.90      526.95     1        1052.80      526.40
118     1       1062.80      531.40     1        1061.70      530.85
119     1       1071.70      535.85     1        1070.60      535.30
120     1       1080.60      540.30     1        1079.50      539.75
121     1       1089.50      544.75     1        1088.70      544.35
122     1       1098.40      549.20     1        1097.40      548.70
123     1       1107.30      553.65     1        1106.30      553.15
124     1       1116.30      558.15     1        1115.30      557.65
125     1       1125.30      562.65     1        1124.30      562.15
126     1       1134.30      567.15     1        1133.30      566.65
127     1       1143.30      571.65     1        1142.30      571.15
128     1       1152.30      576.15     1        1151.30      575.65
129     1       1161.40      580.70     1        1160.40      580.20
130     1       1170.10      585.05     1        1169.10      584.55
131     1       1178.90      589.45     1        1177.90      588.95
132     1       1187.90      593.95     1        1186.90      593.45
133     1       1196.90      598.45     1        1195.90      597.95
134     1       1205.80      602.90     1        1204.80      602.40
135     1       1214.70      607.35     1        1213.70      606.85
136     1       1225.40      612.70     1        1224.60      612.30
137     1       1234.30      617.15     1        1233.50      616.75
138     1       1243.20      621.60     1        1242.70      621.35
139     1       1252.10      626.05     1        1251.40      625.70
140     1       1261.00      630.50     1        1260.30      630.15
141     1       1269.90      634.95     1        1269.20      634.60
142     1       1279.00      639.50     1        1278.30      639.15
143     1       1287.90      643.95     1        1287.20      643.60
144     1       1296.90      648.45     1        1296.20      648.10
145     1       1305.90      652.95     1        1305.20      652.60
146     1       1314.90      657.45     1        1314.20      657.10
147     1       1323.90      661.95     1        1323.20      661.60
148     1       1332.90      666.45     1        1332.20      666.10
149     1       1341.80      670.90     1        1341.10      670.55
150     1       1350.70      675.35     1        1350.00      675.00
151     1       1359.60      679.80     1        1358.90      679.45
152     1       1368.50      684.25     1        1367.80      683.90
153     1       1377.40      688.70     1        1376.70      688.35
154     1       1386.30      693.15     1        1385.60      692.80
155     1       1395.30      697.65     1        1394.60      697.30
156     1       1404.10      702.05     1        1403.40      701.70
157     1       1413.10      706.55     1        1412.40      706.20
158     1       1422.10      711.05     1        1421.40      710.70
159     1       1431.10      715.55     1        1430.40      715.20
160     1       1440.10      720.05     1        1439.40      719.70
161     1       1449.10      724.55     1        1448.40      724.20
162     1       1458.10      729.05     1        1457.20      728.60
163     1       1481.40      740.70     1        1478.50      739.25
164     1       1490.40      745.20     1        1487.70      743.85
165     1       1499.40      749.70     1        1496.50      748.25
166     1       1508.40      754.20     1        1505.50      752.75
167     1       1517.40      758.70     1        1514.50      757.25
168     1       1526.40      763.20     1        1523.50      761.75
169     1       1535.30      767.65     1        1532.40      766.20
170     1       1544.20      772.10     1        1541.30      770.65
171     1       1553.10      776.55     1        1550.20      775.10
172     1       1562.00      781.00     1        1559.10      779.55
173     1       1570.90      785.45     1        1568.00      784.00
174     1       1579.80      789.90     1        1577.10      788.55
175     1       1588.70      794.35     1        1586.00      793.00
176     1       1597.60      798.80     1        1595.10      797.55
177     1       1606.70      803.35     1        1604.00      802.00
178     1       1615.70      807.85     1        1613.00      806.50
179     1       1624.60      812.30     1        1621.90      810.95
180     1       1633.60      816.80     1        1630.90      815.45
181     1       1642.60      821.30     1        1639.90      819.95
182     1       1651.60      825.80     1        1648.90      824.45
183     1       1660.60      830.30     1        1657.90      828.95
184     1       1669.30      834.65     1        1666.60      833.30
185     1       1678.30      839.15     1        1675.60      837.80
186     1       1687.20      843.60     1        1684.50      842.25
187     1       1696.10      848.05     1        1693.40      846.70
188     1       1705.10      852.55     1        1702.40      851.20
189     1       1714.20      857.10     0        1711.40      855.70
190     1       1725.00      862.50     1        1722.30      861.15
191     1       1733.90      866.95     1        1731.20      865.60
192     1       1743.00      871.50     1        1740.30      870.15
193     1       1751.90      875.95     1        1749.20      874.60
194     1       1760.90      880.45     1        1758.20      879.10
195     1       1769.90      884.95     1        1767.20      883.60
196     1       1778.90      889.45     1        1776.20      888.10
197     1       1787.90      893.95     1        1785.20      892.60
198     1       1796.85      898.43     1        1794.15      897.08
199     1       1805.80      902.90     1        1803.10      901.55
200     1       1814.75      907.38     1        1812.05      906.03
201     1       1823.70      911.85     1        1821.00      910.50
202     1       1832.65      916.33     1        1829.95      914.98
203     1       1841.60      920.80     1        1838.90      919.45
204     1       1850.55      925.28     1        1847.85      923.93
205     1       1859.50      929.75     1        1856.80      928.40
206     1       1868.45      934.23     1        1865.75      932.88
207     1       1877.40      938.70     1        1874.70      937.35
208     1       1886.40      943.20     1        1883.70      941.85
209     1       1895.40      947.70     1        1892.70      946.35
210     1       1904.40      952.20     1        1901.70      950.85
211     1       1913.40      956.70     1        1910.70      955.35
212     1       1922.40      961.20     1        1919.70      959.85
213     1       1931.30      965.65     1        1928.60      964.30
214     1       1940.20      970.10     1        1937.50      968.75
215     1       1949.20      974.60     1        1946.50      973.25
216     1       1958.10      979.05     1        1955.40      977.70
217     1       1974.60      987.30     1        1973.90      986.95
218     1       1983.40      991.70     1        1982.70      991.35
219     1       1992.50      996.25     1        1991.80      995.90
220     1       2001.50      1000.75    1        2000.80      1000.40
221     1       2010.50      1005.25    1        2009.80      1004.90
222     1       2019.40      1009.70    1        2018.80      1009.40
223     1       2028.40      1014.20    1        2027.80      1013.90
224     1       2037.30      1018.65    1        2036.80      1018.40
225     1       2046.20      1023.10    1        2045.80      1022.90
226     1       2055.10      1027.55    1        2054.80      1027.40
227     1       2064.00      1032.00    1        2063.80      1031.90
228     1       2072.90      1036.45    1        2072.80      1036.40
229     1       2081.80      1040.90    1        2081.80      1040.90
230     1       2090.80      1045.40    1        2090.80      1045.40
231     1       2099.80      1049.90    1        2099.80      1049.90
232     1       2108.80      1054.40    1        2108.80      1054.40
233     1       2117.80      1058.90    1        2117.80      1058.90
234     1       2127.00      1063.50    1        2126.75      1063.38
235     1       2136.00      1068.00    1        2135.70      1067.85
236     1       2144.90      1072.45    1        2144.65      1072.33
237     1       2153.90      1076.95    1        2153.60      1076.80
238     1       2162.90      1081.45    1        2162.55      1081.28
239     1       2171.70      1085.85    1        2171.50      1085.75
240     1       2180.60      1090.30    1        2180.45      1090.23
241     1       2189.50      1094.75    1        2189.35      1094.68
242     1       2198.40      1099.20    1        2198.25      1099.13
243     1       2207.30      1103.65    0        2207.15      1103.58
244     1       2218.10      1109.05    1        2217.95      1108.98
245     1       2227.10      1113.55    1        2226.95      1113.48
246     1       2236.10      1118.05    1        2235.95      1117.98
247     1       2245.10      1122.55    1        2244.95      1122.48
248     1       2254.10      1127.05    1        2253.95      1126.98
249     1       2263.10      1131.55    1        2262.95      1131.48
250     1       2272.10      1136.05    1        2271.95      1135.98
251     1       2281.10      1140.55    1        2280.95      1140.48
252     1       2290.10      1145.05    1        2289.95      1144.98
253     1       2299.00      1149.50    1        2298.85      1149.43
254     1       2307.90      1153.95    1        2307.75      1153.88
255     1       2316.80      1158.40    1        2316.65      1158.33
256     1       2325.70      1162.85    1        2325.55      1162.78
257     1       2334.60      1167.30    1        2334.45      1167.23
258     1       2343.50      1171.75    1        2343.35      1171.68
259     1       2352.40      1176.20    1        2352.25      1176.13
260     1       2361.30      1180.65    1        2361.15      1180.58
261     1       2370.30      1185.15    1        2370.15      1185.08
262     1       2379.30      1189.65    1        2379.25      1189.63
263     1       2388.30      1194.15    1        2388.25      1194.13
264     1       2397.30      1198.65    1        2397.20      1198.60
265     1       2406.30      1203.15    1        2406.20      1203.10
266     1       2415.30      1207.65    1        2415.20      1207.60
267     1       2424.30      1212.15    1        2424.20      1212.10
268     1       2433.30      1216.65    1        2433.20      1216.60
269     1       2442.30      1221.15    1        2442.10      1221.05
270     1       2451.30      1225.65    1        2451.20      1225.60
271     1       2471.90      1235.95    1        2470.10      1235.05
272     1       2480.90      1240.45    1        2479.10      1239.55
273     1       2489.90      1244.95    1        2488.10      1244.05
274     1       2498.90      1249.45    1        2497.10      1248.55
275     1       2507.90      1253.95    1        2506.10      1253.05
276     1       2516.70      1258.35    1        2514.90      1257.45
277     1       2525.50      1262.75    1        2523.70      1261.85
278     1       2534.40      1267.20    1        2532.60      1266.30
279     1       2543.30      1271.65    1        2541.50      1270.75
280     1       2552.30      1276.15    1        2550.50      1275.25
281     1       2561.25      1280.63    1        2559.45      1279.73
282     1       2570.20      1285.10    1        2568.40      1284.20
283     1       2579.15      1289.58    1        2577.35      1288.68
284     1       2588.10      1294.05    1        2586.30      1293.15
285     1       2597.05      1298.53    1        2595.25      1297.63
286     1       2606.00      1303.00    1        2604.20      1302.10
287     1       2614.95      1307.48    1        2613.15      1306.58
288     1       2623.90      1311.95    1        2622.10      1311.05
289     1       2632.85      1316.43    1        2631.05      1315.53
290     1       2641.80      1320.90    1        2640.00      1320.00
291     1       2650.75      1325.38    1        2649.00      1324.50
292     1       2659.55      1329.78    1        2658.00      1329.00
293     1       2668.45      1334.23    1        2667.00      1333.50
294     1       2677.45      1338.73    1        2676.00      1338.00
295     1       2686.35      1343.18    1        2684.80      1342.40
296     1       2695.25      1347.63    1        2693.70      1346.85
297     0       2704.15      1352.08    1        2702.60      1351.30
298     0       2714.95      1357.48    1        2714.20      1357.10
299     1       2723.95      1361.98    1        2723.00      1361.50
300     1       2732.95      1366.48    1        2732.00      1366.00
301     1       2741.95      1370.98    1        2740.90      1370.45
302     1       2750.95      1375.48    1        2749.80      1374.90
303     1       2759.95      1379.98    1        2758.70      1379.35
304     1       2768.95      1384.48    1        2767.60      1383.80
305     1       2777.75      1388.88    1        2776.50      1388.25
306     1       2786.65      1393.33    1        2785.40      1392.70
307     1       2795.55      1397.78    1        2794.30      1397.15
308     1       2804.45      1402.23    1        2803.20      1401.60
309     1       2813.35      1406.68    1        2812.10      1406.05
310     1       2822.25      1411.13    1        2821.10      1410.55
311     1       2831.15      1415.58    1        2830.00      1415.00
312     1       2840.05      1420.03    1        2839.30      1419.65
313     1       2848.95      1424.48    1        2848.10      1424.05
314     1       2857.90      1428.95    1        2857.30      1428.65
315     1       2866.90      1433.45    1        2866.30      1433.15
316     1       2875.90      1437.95    1        2875.30      1437.65
317     1       2884.90      1442.45    1        2884.30      1442.15
318     1       2893.90      1446.95    1        2893.30      1446.65
319     1       2902.90      1451.45    1        2902.10      1451.05
320     1       2911.90      1455.95    1        2911.20      1455.60
321     1       2920.70      1460.35    1        2920.00      1460.00
322     1       2929.60      1464.80    1        2928.90      1464.45
323     1       2938.50      1469.25    1        2937.80      1468.90
324     1       2947.90      1473.95    1        2947.20      1473.60
325     1       2966.70      1483.35    1        2966.60      1483.30
326     1       2975.60      1487.80    1        2975.50      1487.75
327     1       2984.50      1492.25    1        2984.40      1492.20
328     1       2993.40      1496.70    1        2993.30      1496.65
329     1       3002.40      1501.20    1        3002.30      1501.15
330     1       3011.40      1505.70    1        3011.30      1505.65
331     1       3020.20      1510.10    1        3020.00      1510.00
332     1       3029.10      1514.55    1        3028.90      1514.45
333     1       3038.00      1519.00    1        3037.80      1518.90
334     1       3046.90      1523.45    1        3046.70      1523.35
335     1       3055.80      1527.90    1        3055.60      1527.80
336     1       3064.70      1532.35    1        3064.50      1532.25
337     1       3073.60      1536.80    1        3073.40      1536.70
338     1       3082.50      1541.25    1        3082.30      1541.15
339     1       3091.40      1545.70    1        3091.20      1545.60
340     1       3100.20      1550.10    1        3100.00      1550.00
341     1       3109.00      1554.50    1        3108.80      1554.40
342     1       3117.90      1558.95    1        3117.70      1558.85
343     1       3126.80      1563.40    1        3126.60      1563.30
344     1       3135.70      1567.85    1        3135.50      1567.75
345     1       3144.60      1572.30    1        3144.40      1572.20
346     1       3153.50      1576.75    1        3153.30      1576.65
347     1       3162.40      1581.20    1        3162.20      1581.10
348     1       3171.30      1585.65    1        3171.10      1585.55
349     1       3180.20      1590.10    1        3180.00      1590.00
350     1       3189.10      1594.55    1        3188.80      1594.40
351     0       3198.00      1599.00    1        3197.60      1598.80
352     1       3209.00      1604.50    1        3208.70      1604.35
353     1       3217.90      1608.95    1        3217.60      1608.80
354     1       3226.70      1613.35    1        3226.40      1613.20
355     1       3235.60      1617.80    1        3235.30      1617.65
356     1       3244.60      1622.30    1        3244.20      1622.10
357     1       3253.50      1626.75    1        3253.20      1626.60
358     1       3262.40      1631.20    1        3262.10      1631.05
359     1       3271.30      1635.65    1        3271.00      1635.50
360     1       3280.20      1640.10    1        3279.90      1639.95
361     1       3288.90      1644.45    1        3288.60      1644.30
362     1       3297.60      1648.80    1        3297.30      1648.65
363     1       3306.40      1653.20    1        3306.30      1653.15
364     1       3315.60      1657.80    1        3315.50      1657.75
365     1       3324.30      1662.15    1        3324.20      1662.10
366     1       3333.20      1666.60    1        3333.10      1666.55
367     1       3342.10      1671.05    1        3342.00      1671.00
368     1       3351.00      1675.50    1        3350.90      1675.45
369     1       3359.90      1679.95    1        3359.80      1679.90
370     1       3368.80      1684.40    1        3368.70      1684.35
371     1       3377.70      1688.85    1        3377.60      1688.80
372     1       3386.70      1693.35    1        3386.60      1693.30
373     1       3395.40      1697.70    1        3395.30      1697.65
374     1       3404.40      1702.20    1        3404.30      1702.15
375     1       3413.40      1706.70    1        3413.30      1706.65
376     1       3422.30      1711.15    1        3422.20      1711.10
377     1       3431.60      1715.80    1        3431.50      1715.75
378     1       3440.80      1720.40    1        3440.70      1720.35
379     1       3459.70      1729.85    1        3458.90      1729.45
380     1       3468.30      1734.15    1        3467.90      1733.95
381     1       3477.10      1738.55    1        3476.70      1738.35
382     1       3485.90      1742.95    1        3485.50      1742.75
383     1       3494.70      1747.35    1        3494.30      1747.15
384     1       3503.50      1751.75    1        3503.10      1751.55
385     1       3512.30      1756.15    1        3511.90      1755.95
386     1       3521.10      1760.55    1        3520.70      1760.35
387     1       3529.90      1764.95    1        3529.50      1764.75
388     1       3538.70      1769.35    1        3538.30      1769.15
389     1       3547.50      1773.75    1        3547.10      1773.55
390     1       3556.30      1778.15    1        3555.90      1777.95
391     1       3565.20      1782.60    1        3564.80      1782.40
392     1       3574.00      1787.00    1        3573.60      1786.80
393     1       3582.80      1791.40    1        3582.40      1791.20
394     1       3591.50      1795.75    1        3591.10      1795.55
395     1       3600.30      1800.15    1        3599.90      1799.95
396     1       3609.10      1804.55    1        3608.70      1804.35
397     1       3617.90      1808.95    1        3617.50      1808.75
398     1       3626.70      1813.35    1        3626.30      1813.15
399     1       3635.50      1817.75    1        3635.10      1817.55
400     1       3644.30      1822.15    1        3643.90      1821.95
401     1       3653.10      1826.55    1        3652.70      1826.35
402     1       3661.80      1830.90    1        3661.40      1830.70
403     1       3670.60      1835.30    1        3670.20      1835.10
404     1       3679.40      1839.70    1        3679.00      1839.50
405     1       3688.20      1844.10    1        3687.80      1843.90
406     1       3699.00      1849.50    1        3698.60      1849.30
407     1       3707.90      1853.95    1        3707.50      1853.75
408     1       3716.80      1858.40    1        3716.40      1858.20
409     1       3725.55      1862.78    1        3725.15      1862.58
410     1       3734.30      1867.15    1        3733.90      1866.95
411     1       3743.05      1871.53    1        3742.65      1871.33
412     1       3751.80      1875.90    1        3751.40      1875.70
413     1       3760.55      1880.28    1        3760.15      1880.08
414     1       3769.30      1884.65    1        3769.15      1884.58
415     1       3778.05      1889.03    1        3777.90      1888.95
416     1       3786.80      1893.40    1        3786.65      1893.33
417     1       3795.55      1897.78    1        3795.40      1897.70
418     1       3804.55      1902.28    1        3804.40      1902.20
419     1       3813.35      1906.68    1        3813.20      1906.60
420     1       3822.15      1911.08    1        3822.00      1911.00
421     1       3831.05      1915.53    1        3830.90      1915.45
422     1       3839.95      1919.98    1        3839.80      1919.90
423     1       3848.75      1924.38    1        3848.60      1924.30
424     1       3857.55      1928.78    1        3857.50      1928.75
425     1       3866.35      1933.18    1        3866.30      1933.15
426     1       3875.15      1937.58    1        3875.10      1937.55
427     1       3883.95      1941.98    1        3884.10      1942.05
428     1       3892.75      1946.38    1        3892.90      1946.45
429     1       3901.55      1950.78    1        3901.70      1950.85
430     1       3910.35      1955.18    1        3910.50      1955.25
431     1       3919.25      1959.63    1        3919.40      1959.70
432     1       3928.25      1964.13    1        3928.70      1964.35
