Fiber  Good B  B Offset     B Offset   Good R   R Offset     R Offset
       Fiber?  from fib     from fib   Fiber?   from fib     from fib
               1 bin=1      2 bin=2             1 bin=1      1 bin=2
                                                
1       1       0.00         0.00       1        0.00         0.00
2       1       21.80        10.90      1        21.80        10.90
3       1       43.60        21.80      1        43.60        21.80
4       1       65.20        32.60      1        65.40        32.70
5       1       86.80        43.40      1        86.80        43.40
6       1       108.00       54.00      1        108.20       54.10
7       1       129.40       64.70      1        129.60       64.80
8       1       150.80       75.40      1        151.00       75.50
9       1       172.20       86.10      1        172.40       86.20
10      1       193.00       96.50      1        193.80       96.90
11      1       214.20       107.10     1        215.20       107.60
12      1       235.40       117.70     1        236.60       118.30
13      1       256.80       128.40     1        257.80       128.90
14      1       278.20       139.10     1        279.00       139.50
15      1       299.60       149.80     1        300.20       150.10
16      1       321.00       160.50     1        321.40       160.70
17      1       342.80       171.40     1        342.80       171.40
18      1       364.60       182.30     1        364.60       182.30
19      1       391.60       195.80     1        391.40       195.70
20      1       414.00       207.00     1        413.20       206.60
21      1       436.40       218.20     1        435.00       217.50
22      1       458.00       229.00     1        456.80       228.40
23      1       479.60       239.80     1        478.60       239.30
24      1       501.20       250.60     1        500.40       250.20
25      1       522.80       261.40     1        521.60       260.80
26      1       544.40       272.20     1        543.00       271.50
27      1       566.00       283.00     1        564.40       282.20
28      1       587.40       293.70     1        585.80       292.90
29      1       608.60       304.30     1        607.20       303.60
30      1       629.80       314.90     1        628.60       314.30
31      1       651.40       325.70     1        650.00       325.00
32      1       673.00       336.50     1        671.80       335.90
33      1       694.40       347.20     1        693.60       346.80
34      1       716.20       358.10     1        715.40       357.70
35      1       738.20       369.10     1        737.20       368.60
36      1       760.20       380.10     1        759.00       379.50
37      1       782.40       391.20     1        786.40       393.20
38      1       804.60       402.30     1        808.00       404.00
39      1       826.60       413.30     1        830.00       415.00
40      1       848.60       424.30     1        852.00       426.00
41      1       870.40       435.20     1        874.00       437.00
42      1       892.20       446.10     1        896.00       448.00
43      1       913.80       456.90     1        918.00       459.00
44      1       935.40       467.70     1        940.00       470.00
45      1       957.00       478.50     1        962.00       481.00
46      1       978.60       489.30     1        983.40       491.70
47      1       1000.28      500.14     1        1004.80      502.40
48      1       1021.96      510.98     1        1026.20      513.10
49      1       1043.56      521.78     1        1047.60      523.80
50      1       1065.16      532.58     1        1069.00      534.50
51      1       1086.76      543.38     1        1090.80      545.40
52      1       1108.36      554.18     1        1113.00      556.50
53      1       1130.36      565.18     1        1135.00      567.50
54      1       1152.36      576.18     1        1157.00      578.50
55      1       1184.16      592.08     1        1181.60      590.80
56      1       1205.96      602.98     1        1203.60      601.80
57      1       1227.76      613.88     1        1225.60      612.80
58      1       1249.56      624.78     1        1247.60      623.80
59      1       1271.36      635.68     1        1269.60      634.80
60      1       1293.16      646.58     1        1291.60      645.80
61      1       1314.96      657.48     1        1313.60      656.80
62      1       1336.76      668.38     1        1335.60      667.80
63      1       1358.56      679.28     1        1357.20      678.60
64      1       1380.36      690.18     1        1378.80      689.40
65      1       1402.16      701.08     1        1400.40      700.20
66      1       1423.96      711.98     1        1422.00      711.00
67      1       1445.56      722.78     1        1443.60      721.80
68      1       1467.36      733.68     1        1465.20      732.60
69      1       1489.16      744.58     1        1486.80      743.40
70      1       1510.96      755.48     1        1509.00      754.50
71      1       1532.76      766.38     1        1531.00      765.50
72      1       1554.56      777.28     1        1553.00      776.50
73      1       1580.56      790.28     1        1579.80      789.90
74      1       1602.76      801.38     1        1601.60      800.80
75      1       1624.96      812.48     1        1623.40      811.70
76      1       1647.16      823.58     1        1645.20      822.60
77      1       1669.36      834.68     1        1667.00      833.50
78      1       1690.96      845.48     1        1688.80      844.40
79      1       1712.56      856.28     1        1710.60      855.30
80      1       1734.16      867.08     1        1732.40      866.20
81      1       1755.76      877.88     1        1754.20      877.10
82      1       1777.36      888.68     1        1776.00      888.00
83      1       1798.96      899.48     1        1797.80      898.90
84      1       1820.56      910.28     1        1819.60      909.80
85      1       1842.16      921.08     1        1841.40      920.70
86      1       1863.96      931.98     1        1863.20      931.60
87      1       1885.76      942.88     1        1885.00      942.50
88      1       1907.56      953.78     1        1906.80      953.40
89      1       1929.36      964.68     1        1928.60      964.30
90      1       1951.16      975.58     1        1950.40      975.20
91      1       1978.76      989.38     1        1979.20      989.60
92      1       2000.96      1000.48    1        2001.60      1000.80
93      1       2023.16      1011.58    1        2023.60      1011.80
94      1       2045.36      1022.68    1        2045.60      1022.80
95      1       2067.56      1033.78    1        2067.60      1033.80
96      1       2089.76      1044.88    1        2089.60      1044.80
97      1       2111.96      1055.98    1        2111.60      1055.80
98      1       2133.36      1066.68    1        2133.60      1066.80
99      1       2154.76      1077.38    1        2155.60      1077.80
100     1       2176.16      1088.08    1        2177.20      1088.60
101     1       2197.56      1098.78    1        2198.80      1099.40
102     1       2219.56      1109.78    1        2220.40      1110.20
103     1       2241.56      1120.78    1        2242.00      1121.00
104     1       2263.56      1131.78    1        2263.60      1131.80
105     1       2285.56      1142.78    1        2285.20      1142.60
106     1       2307.56      1153.78    1        2306.80      1153.40
107     1       2329.56      1164.78    1        2328.40      1164.20
108     1       2351.56      1175.78    1        2350.00      1175.00
109     1       2377.76      1188.88    1        2376.00      1188.00
110     1       2399.56      1199.78    1        2398.00      1199.00
111     1       2421.36      1210.68    1        2420.20      1210.10
112     1       2443.16      1221.58    1        2442.40      1221.20
113     1       2464.96      1232.48    1        2464.60      1232.30
114     1       2486.76      1243.38    1        2486.80      1243.40
115     1       2508.56      1254.28    1        2508.60      1254.30
116     1       2530.36      1265.18    1        2530.40      1265.20
117     1       2552.16      1276.08    1        2552.20      1276.10
118     1       2573.96      1286.98    1        2574.00      1287.00
119     1       2595.76      1297.88    1        2595.40      1297.70
120     1       2617.56      1308.78    1        2616.80      1308.40
121     1       2639.36      1319.68    1        2638.60      1319.30
122     1       2661.16      1330.58    1        2660.40      1330.20
123     1       2682.96      1341.48    1        2682.20      1341.10
124     1       2704.76      1352.38    1        2704.00      1352.00
125     1       2726.56      1363.28    1        2725.80      1362.90
126     1       2749.16      1374.58    1        2747.60      1373.80
127     1       2775.76      1387.88    1        2775.20      1387.60
128     1       2798.36      1399.18    1        2798.60      1399.30
129     1       2820.16      1410.08    1        2820.60      1410.30
130     1       2841.96      1420.98    1        2842.60      1421.30
131     1       2863.76      1431.88    1        2864.60      1432.30
132     1       2885.56      1442.78    1        2886.60      1443.30
133     1       2907.36      1453.68    1        2908.20      1454.10
134     1       2929.16      1464.58    1        2929.80      1464.90
135     1       2950.96      1475.48    1        2951.40      1475.70
136     1       2972.36      1486.18    1        2973.00      1486.50
137     1       2993.76      1496.88    1        2994.60      1497.30
138     1       3014.96      1507.48    1        3016.00      1508.00
139     1       3036.16      1518.08    1        3037.20      1518.60
140     1       3057.56      1528.78    1        3058.40      1529.20
141     1       3079.36      1539.68    1        3080.00      1540.00
142     1       3101.16      1550.58    1        3101.60      1550.80
143     1       3122.96      1561.48    1        3123.20      1561.60
144     1       3144.76      1572.38    1        3144.80      1572.40
145     1       3170.96      1585.48    1        3171.40      1585.70
146     1       3192.96      1596.48    1        3193.20      1596.60
147     1       3214.76      1607.38    1        3215.00      1607.50
148     1       3236.56      1618.28    1        3236.80      1618.40
149     1       3258.76      1629.38    1        3258.60      1629.30
150     1       3280.16      1640.08    1        3280.40      1640.20
151     1       3301.96      1650.98    1        3302.20      1651.10
152     1       3322.96      1661.48    1        3324.00      1662.00
153     1       3344.76      1672.38    1        3345.80      1672.90
154     1       3366.16      1683.08    1        3367.60      1683.80
155     1       3387.56      1693.78    1        3389.00      1694.50
156     1       3409.36      1704.68    1        3410.20      1705.10
157     1       3430.56      1715.28    1        3431.40      1715.70
158     1       3451.96      1725.98    1        3452.60      1726.30
159     1       3473.36      1736.68    1        3473.80      1736.90
160     1       3494.76      1747.38    1        3495.00      1747.50
161     1       3516.36      1758.18    1        3516.80      1758.40
162     1       3538.16      1769.08    1        3539.00      1769.50
163     1       3565.56      1782.78    1        3566.00      1783.00
164     1       3587.36      1793.68    1        3588.20      1794.10
165     1       3609.76      1804.88    1        3610.40      1805.20
166     1       3631.56      1815.78    1        3632.60      1816.30
167     1       3652.76      1826.38    1        3654.80      1827.40
168     1       3674.16      1837.08    1        3676.20      1838.10
169     1       3695.56      1847.78    1        3697.60      1848.80
170     1       3716.76      1858.38    1        3719.00      1859.50
171     1       3737.96      1868.98    1        3740.40      1870.20
172     1       3758.36      1879.18    1        3761.80      1880.90
173     1       3779.76      1889.88    1        3783.20      1891.60
174     1       3801.16      1900.58    1        3804.60      1902.30
175     1       3822.56      1911.28    1        3826.00      1913.00
176     1       3844.16      1922.08    1        3847.40      1923.70
177     1       3865.36      1932.68    1        3868.80      1934.40
178     1       3886.76      1943.38    1        3890.20      1945.10
179     1       3908.36      1954.18    1        3912.20      1956.10
180     1       3929.96      1964.98    1        3934.60      1967.30
