# HR_b_c27
141.416
150.579
159.983
169.390
178.954
188.209
197.354
206.713
216.350
225.670
235.094
244.411
253.772
263.330
272.835
282.012
291.220
300.856
309.954
319.459
328.954
337.951
347.379
356.866
366.082
375.491
384.983
396.218
405.817
415.445
424.318
433.538
442.678
452.336
461.870
470.622
479.759
489.819
498.997
508.130
517.276
526.686
535.960
545.005
554.418
563.749
573.065
582.104
591.242
600.270
609.634
618.787
628.188
637.728
658.712
668.549
677.607
687.127
696.170
705.796
714.634
723.952
733.150
742.789
751.860
761.380
770.561
779.994
788.968
798.835
807.542
817.199
826.146
835.748
844.801
854.257
863.214
872.666
881.620
891.171
900.413
912.003
921.117
930.471
939.659
949.104
958.069
967.360
976.275
986.030
994.804
1004.225
1013.220
1022.848
1031.962
1041.182
1050.356
1059.566
1068.627
1078.012
1087.094
1096.608
1105.522
1115.072
1123.937
1132.745
1142.253
1151.789
1171.125
1180.602
1189.640
1198.937
1208.296
1217.330
1226.438
1235.686
1244.945
1254.016
1263.265
1272.489
1281.714
1290.781
1299.953
1309.289
1318.513
1327.561
1336.784
1345.926
1355.464
1364.059
1373.212
1382.323
1391.713
1400.633
1409.757
1420.766
1430.282
1439.500
1448.521
1457.585
1466.638
1475.865
1485.036
1494.157
1503.129
1512.432
1521.365
1530.592
1539.845
1548.741
1558.131
1567.085
1576.072
1585.304
1594.771
1603.599
1612.492
1621.830
1630.778
1639.672
1649.129
1658.274
1681.772
1690.766
1700.014
1709.323
1718.420
1727.541
1736.137
1745.115
1754.245
1763.220
1772.364
1781.421
1790.613
1799.590
1808.690
1817.855
1826.692
1835.773
1844.822
1854.128
1862.984
1871.865
1880.896
1889.865
1898.906
1908.107
1917.108
1927.958
1937.021
1946.189
1955.196
1964.241
1973.151
1982.171
1991.357
2000.070
2009.097
2018.088
2027.216
2036.033
2045.097
2054.036
2063.358
2072.475
2081.327
2090.247
2099.492
2108.361
2117.376
2126.353
2135.237
2144.218
2153.154
2162.478
2178.660
2187.307
2196.323
2205.368
2214.154
2223.031
2231.978
2240.918
2249.671
2258.638
2267.530
2276.488
2285.343
2294.322
2303.313
2312.367
2321.175
2330.431
2339.267
2347.934
2356.833
2365.650
2374.515
2383.348
2392.410
2401.163
2410.137
2420.700
2429.870
2438.695
2447.699
2456.349
2465.232
2474.249
2483.030
2491.867
2500.563
2509.595
2518.490
2527.314
2536.122
2545.034
2553.872
2562.508
2571.519
2580.316
2589.145
2598.143
2607.021
2615.699
2624.831
2633.433
2642.243
2651.465
2672.272
2680.991
2689.736
2698.566
2707.390
2715.884
2724.461
2733.343
2742.227
2751.165
2759.834
2768.570
2777.338
2786.031
2794.915
2803.584
2812.362
2821.120
2830.083
2838.619
2847.475
2855.852
2864.713
2873.664
2882.323
2890.851
2899.560
2910.348
2919.181
2927.976
2936.544
2945.170
2953.826
2962.837
2971.308
2980.011
2988.519
2997.427
3005.918
3014.619
3023.493
3032.290
3040.935
3049.572
3058.360
3067.079
3075.932
3084.542
3093.152
3101.854
3110.197
3119.080
3127.828
3136.913
3154.017
3162.801
3171.528
3180.361
3188.886
3197.267
3205.907
3214.544
3223.021
3231.637
3240.379
3248.738
3257.498
3266.253
3274.594
3282.909
3291.870
3300.131
3309.105
3317.398
3326.150
3334.593
3343.300
3352.084
3360.333
3368.994
3376.638
3387.866
3396.171
3404.550
3413.100
3422.026
3430.574
3438.974
3447.290
3456.028
3464.190
3472.927
3481.294
3490.392
3498.440
3506.918
3515.556
3524.169
3532.378
3541.038
3549.503
3558.382
3566.355
3575.305
3583.651
3592.287
3601.108
3609.901
3628.428
3636.511
3645.052
3653.485
3661.879
3670.085
3678.553
3686.783
3695.259
3703.470
3711.874
3720.191
3728.764
3737.114
3745.334
3753.607
3761.955
3770.519
3778.729
3787.215
3795.443
3803.689
3811.952
3820.284
3828.663
3837.050
3845.316
3855.636
3863.899
3872.377
3880.614
3888.857
3897.089
3905.547
3913.594
3921.931
3930.198
3938.717
3946.802
3955.284
3963.749
3971.835
3980.237
3988.600
3996.786
4005.115
4013.201
4021.983
4029.983
4038.266
4046.535
4054.968
4063.270
4071.593