# STD_r_c3c
51.298
58.266
64.981
71.880
78.565
85.466
92.373
99.292
106.053
112.972
119.625
126.549
133.401
140.348
147.213
154.065
160.901
167.714
174.509
181.562
188.281
195.239
202.000
210.198
217.052
224.004
230.973
237.850
244.623
251.703
258.451
265.323
272.270
279.352
286.069
293.075
299.950
306.682
313.724
320.664
327.521
334.597
341.340
348.305
355.140
362.195
379.697
386.470
393.445
400.324
407.239
414.354
421.271
428.132
435.098
442.125
448.874
455.982
462.843
469.815
476.831
483.899
490.545
497.636
504.618
511.543
518.606
525.452
532.360
540.901
547.748
554.713
561.710
568.537
575.572
582.505
589.304
596.363
603.370
610.327
617.391
624.273
631.294
638.193
645.210
652.080
659.173
666.122
673.010
679.954
687.089
694.259
710.924
717.900
724.896
732.084
738.798
745.890
752.903
759.812
767.024
773.957
780.790
787.821
794.832
801.875
808.911
815.800
822.834
829.916
836.791
843.650
850.813
857.674
864.717
873.144
880.124
887.107
894.168
901.056
908.119
915.252
921.994
928.994
936.005
943.084
950.086
956.868
964.115
970.982
978.005
985.102
992.017
999.035
1005.881
1012.891
1019.941
1027.077
1044.565
1051.643
1058.592
1065.683
1072.540
1079.597
1086.736
1093.626
1100.682
1107.664
1114.513
1121.712
1128.617
1135.709
1142.599
1149.696
1156.583
1163.644
1170.780
1177.700
1184.689
1191.689
1198.549
1207.015
1214.013
1221.034
1228.044
1235.146
1242.119
1249.122
1256.050
1263.048
1270.047
1277.215
1284.136
1291.232
1298.096
1304.980
1312.083
1319.081
1326.093
1333.005
1339.996
1346.959
1353.964
1361.061
1378.398
1385.457
1392.566
1399.565
1406.603
1413.645
1420.674
1427.696
1434.577
1441.588
1448.529
1455.578
1462.521
1469.601
1476.458
1483.495
1490.393
1497.466
1504.403
1511.479
1518.431
1525.460
1532.351
1540.535
1547.404
1554.579
1561.629
1568.659
1575.569
1582.527
1589.279
1596.344
1603.377
1610.208
1617.204
1624.306
1631.222
1638.089
1645.034
1652.073
1659.018
1665.918
1672.782
1679.738
1686.755
1693.854
1709.995
1717.025
1724.029
1731.096
1737.849
1744.815
1751.779
1758.741
1765.603
1772.729
1779.406
1786.519
1793.344
1800.338
1807.211
1814.172
1821.063
1828.047
1834.918
1841.972
1848.814
1855.885
1862.660
1870.860
1877.816
1884.715
1891.498
1898.442
1905.337
1912.283
1919.087
1925.936
1932.929
1939.753
1946.724
1953.490
1960.512
1967.367
1974.254
1981.072
1987.936
1994.856
2001.561
2008.516
2015.462
2022.390