# LSB_r_c4a
32.092
43.166
54.511
65.183
75.628
86.905
97.442
108.312
119.161
129.207
140.100
151.071
161.844
172.409
182.956
193.950
205.706
216.469
229.441
239.677
251.188
262.013
272.890
283.717
294.754
305.462
315.489
326.335
337.495
348.202
359.166
370.085
381.080
392.076
403.937
415.418
427.275
438.106
449.842
460.679
471.978
482.889
493.902
504.907
515.601
526.266
536.936
547.494
558.847
569.737
580.561
592.218
603.685
614.248
625.379
636.273
648.076
659.050
670.078
680.140
693.385
703.013
713.826
724.053
734.989
746.067
757.080
768.335
779.078
790.700
801.747
813.192
825.465
835.678
847.505
858.958
869.816
880.723
891.785
902.802
913.810
924.258
935.046
945.970
957.583
967.716
979.074
990.547
1002.138
1012.741
1025.190
1036.332
1048.595
1059.400
1070.418
1081.521
1092.557
1103.437
1114.392
1124.802
1135.835
1146.806
1157.514
1168.684
1179.606
1191.230
1202.847
1213.338
1224.837
1236.169
1247.711
1258.932
1270.096
1281.133
1292.073
1303.008
1314.797
1324.654
1335.400
1346.484
1357.759
1368.426
1379.640
1390.528
1401.865
1413.150
1425.021
1436.222
1447.812
1459.474
1470.320
1481.335
1492.200
1502.974
1513.889
1524.575
1535.455
1546.337
1556.622
1567.753
1578.620
1590.219
1601.649
1611.977
1622.985
1634.342
1646.303
1657.462
1668.407
1679.474
1690.101
1701.284
1712.134
1722.333
1733.461
1744.234
1755.325
1765.785
1776.777
1787.620
1799.259
1810.281
1821.843
1832.882
1844.563
1855.860
1866.717
1877.869
1888.838
1899.834
1910.638
1920.702
1931.571
1942.438
1953.403
1964.106
1974.967
1986.025
1997.700
2007.937