# STD_b_c3c
30.066
37.195
43.879
50.949
57.688
64.627
71.426
78.509
85.143
92.211
98.855
105.828
112.695
119.669
126.415
133.392
139.985
147.004
153.751
160.831
167.614
174.584
181.352
189.483
196.482
203.373
210.312
217.186
224.160
231.162
237.874
244.949
251.786
258.689
265.629
272.602
279.578
286.343
293.280
300.286
307.126
313.967
320.851
327.726
334.699
341.897
358.416
365.575
372.540
379.633
386.446
393.477
400.309
407.471
414.322
421.297
428.141
435.215
442.218
449.047
456.048
463.032
469.899
476.915
483.834
490.836
497.742
504.798
511.707
519.971
526.926
533.859
540.883
547.917
554.896
561.869
568.810
575.823
582.748
589.851
596.766
603.788
610.738
617.689
624.586
631.636
638.572
645.726
652.592
659.574
666.615
673.726
690.468
698.139
705.060
712.016
718.920
725.914
732.891
739.996
746.924
754.025
760.945
767.969
774.776
781.967
788.867
795.901
802.755
809.831
816.800
823.921
830.868
837.832
844.597
853.048
860.188
867.149
874.110
881.161
888.132
895.179
902.246
909.116
916.240
923.227
930.233
937.304
944.272
951.205
957.914
964.909
971.932
978.808
985.646
992.766
999.772
1006.941
1023.761
1031.235
1038.159
1045.129
1051.949
1059.178
1066.056
1073.160
1080.056
1087.070
1094.002
1101.193
1108.030
1115.197
1122.071
1129.172
1135.988
1143.165
1149.980
1157.037
1164.143
1171.236
1177.965
1186.366
1193.335
1200.495
1207.322
1214.361
1221.245
1228.365
1235.318
1242.290
1249.219
1256.354
1263.191
1270.300
1277.450
1284.273
1291.324
1298.336
1305.357
1312.248
1319.075
1326.062
1333.057
1340.226
1356.574
1363.688
1370.710
1377.807
1384.592
1391.665
1398.593
1405.650
1412.576
1419.669
1426.450
1433.598
1440.519
1447.527
1454.473
1461.609
1468.524
1475.457
1482.490
1489.486
1496.409
1503.549
1510.325
1518.719
1525.443
1532.518
1539.449
1546.444
1553.357
1560.425
1567.184
1574.160
1581.057
1588.179
1595.099
1602.082
1609.059
1615.952
1622.803
1629.832
1636.720
1643.779
1650.730
1657.732
1664.589
1671.688
1688.705
1695.864
1702.712
1709.776
1716.429
1723.491
1730.278
1737.366
1744.226
1751.180
1757.979
1765.032
1771.822
1778.925
1785.685
1792.555
1799.438
1806.672
1813.358
1820.241
1827.200
1834.173
1841.038
1849.107
1855.919
1862.894
1869.670
1876.660
1883.377
1890.348
1897.114
1904.008
1910.860
1917.801
1924.559
1931.613
1938.315
1945.258
1951.949
1958.941
1965.748
1972.759
1979.547
1986.438
1993.272
2000.384