# LSB_b_c4a
29.767
40.812
52.143
62.837
73.990
84.543
95.649
106.181
117.256
127.282
138.133
148.450
159.806
171.083
182.077
193.122
204.485
215.451
226.613
237.224
248.755
259.651
270.641
281.395
292.578
303.762
315.343
324.667
335.476
346.559
357.316
368.925
379.553
391.053
402.413
413.524
424.530
435.729
447.363
458.072
469.718
480.112
491.397
502.464
513.513
523.170
534.162
545.381
556.169
567.515
578.849
590.052
601.611
612.829
623.530
634.786
646.449
657.734
668.877
679.957
690.994
701.916
712.942
723.091
734.144
744.936
755.762
767.388
778.250
789.318
801.370
812.567
822.916
833.754
845.756
857.447
867.989
878.861
889.925
901.144
912.246
921.991
933.300
944.293
955.103
966.487
977.845
988.794
1000.497
1011.305
1022.872
1034.129
1045.847
1057.240
1068.394
1079.410
1090.417
1101.273
1112.301
1122.547
1133.517
1144.678
1155.428
1166.817
1177.827
1188.980
1200.759
1211.708
1223.447
1234.245
1245.933
1256.946
1268.173
1278.967
1290.073
1300.945
1311.983
1322.423
1333.057
1344.163
1355.386
1366.262
1377.161
1388.629
1400.053
1411.544
1422.492
1433.767
1445.090
1456.416
1467.605
1478.719
1489.352
1500.532
1511.541
1521.788
1532.592
1543.663
1554.652
1565.231
1576.699
1587.889
1598.917
1610.099
1620.605
1632.158
1643.285
1654.704
1665.941
1676.442
1687.664
1698.253
1709.630
1719.712
1730.580
1741.348
1751.982
1763.444
1773.651
1785.219
1796.533
1807.755
1819.023
1830.064
1842.158
1852.818
1863.333
1874.621
1885.041
1895.732
1906.488
1916.246
1927.419
1938.404
1949.043
1960.384
1970.680
1981.389
1991.872
2002.787