# HR_r_c27
112.036
121.630
130.852
140.205
149.792
159.002
168.567
177.724
186.989
196.418
205.839
215.392
224.586
233.947
243.414
252.924
262.231
271.425
280.819
290.239
299.425
308.731
317.881
327.448
336.517
345.983
355.387
366.595
376.046
385.240
394.650
403.906
413.351
422.372
431.631
440.950
450.153
459.818
468.724
478.406
487.461
496.818
506.172
515.180
524.427
533.423
542.933
552.163
561.326
570.908
580.327
589.546
598.843
608.314
627.876
636.918
646.250
655.774
665.151
674.108
683.593
692.829
701.982
711.374
720.754
730.081
739.442
748.910
757.953
767.218
776.560
785.754
795.121
804.158
813.480
822.576
831.983
841.231
850.373
859.736
869.127
880.240
889.520
898.785
907.997
917.425
926.665
935.951
944.974
954.166
963.401
972.559
981.710
991.100
1000.561
1009.514
1018.624
1028.385
1037.356
1046.224
1055.525
1064.682
1074.289
1083.070
1092.453
1101.419
1110.849
1120.000
1141.399
1150.113
1159.398
1168.648
1177.638
1186.916
1196.034
1205.322
1214.368
1223.712
1232.894
1242.136
1251.500
1260.335
1269.719
1278.780
1288.053
1297.083
1306.391
1315.600
1324.727
1333.846
1342.798
1352.241
1361.241
1370.321
1379.651
1390.809
1399.981
1409.643
1418.134
1427.576
1436.658
1445.488
1454.610
1463.704
1472.955
1482.096
1490.999
1500.383
1509.205
1518.663
1527.598
1536.708
1545.938
1554.883
1564.038
1573.086
1582.365
1591.509
1600.411
1609.467
1618.797
1627.759
1649.277
1658.719
1667.452
1676.617
1685.651
1694.530
1703.684
1713.041
1721.893
1731.000
1740.093
1749.360
1758.176
1767.628
1776.276
1785.480
1794.363
1803.262
1812.575
1822.195
1830.806
1839.207
1848.987
1857.961
1867.093
1875.648
1884.136
1895.564
1904.722
1913.760
1922.719
1932.037
1940.840
1949.747
1958.959
1967.689
1976.718
1985.648
1994.645
2003.543
2012.449
2021.691
2030.636
2039.681
2048.529
2057.783
2067.039
2075.832
2084.924
2093.867
2102.680
2111.671
2121.044
2130.307
2148.086
2156.966
2166.007
2174.896
2183.946
2192.691
2201.823
2210.759
2219.545
2228.471
2237.688
2246.421
2255.252
2264.104
2273.183
2282.010
2290.959
2299.901
2308.677
2317.656
2326.738
2335.357
2344.334
2353.162
2362.079
2371.158
2379.773
2390.701
2399.797
2408.539
2417.320
2426.445
2435.127
2444.076
2452.838
2461.740
2470.553
2479.605
2488.462
2497.234
2506.230
2515.042
2523.856
2532.684
2541.678
2550.594
2559.462
2568.365
2577.216
2585.808
2594.535
2603.492
2612.298
2621.512
2639.615
2648.634
2657.481
2666.313
2675.203
2683.811
2692.606
2701.565
2710.030
2719.066
2727.643
2736.388
2745.236
2754.214
2762.750
2771.501
2780.263
2789.207
2797.834
2806.543
2815.384
2824.114
2832.837
2841.773
2850.218
2859.054
2867.546
2878.908
2887.499
2896.313
2904.727
2913.635
2922.218
2931.080
2939.571
2948.771
2956.923
2965.876
2974.437
2983.526
2991.781
3001.041
3009.262
3018.427
3026.881
3035.791
3044.317
3053.214
3061.639
3070.812
3079.081
3087.861
3096.671
3105.502
3124.413
3132.974
3141.600
3150.425
3159.014
3167.326
3175.806
3184.384
3193.268
3201.700
3210.137
3218.760
3227.179
3236.092
3244.627
3253.435
3261.733
3270.080
3278.668
3287.369
3295.975
3304.558
3313.059
3321.517
3329.946
3338.833
3347.191
3357.703
3366.410
3374.802
3382.948
3391.874
3400.646
3408.995
3417.296
3425.879
3434.504
3442.798
3451.647
3460.418
3468.912
3477.182
3485.813
3494.441
3502.847
3511.274
3519.731
3528.691
3537.272
3545.662
3553.975
3562.287
3570.957
3580.017
3597.440
3606.022
3614.453
3622.828
3631.223
3639.278
3647.876
3656.078
3664.579
3673.006
3681.462
3689.760
3698.070
3706.409
3714.656
3723.117
3731.598
3740.136
3748.500
3756.722
3764.991
3773.288
3781.712
3789.900
3798.300
3806.797
3814.929
3825.338
3833.760
3841.843
3850.310
3858.487
3866.918
3875.137
3883.417
3891.755
3900.136
3908.502
3916.675
3925.167
3933.437
3941.729
3949.943
3958.342
3966.579
3975.024
3983.361
3991.682
3999.969
4008.400
4016.481
4024.860
4033.087
4041.989